## T_2 ## p_a ## p_b ## T_1 ## P ##  t
##  C  ## bar ## bar ##  C  ## W ## min

  20.3    3.4    4.6   20.8   120    0
  20.2    3      5     21.7   115    1
  19.1    3.2    5.3   23.1   120    2
  17.7    3.4    5.6   24.4   123    3
  16.4    3.4    5.9   25.9   125    4
  15.1    3.4    6.1   27.5   125    5
  14.1    3.3    6.2   29     125    6
  13.1    3      6.5   30.3   125    7
  12.1    3      7     31.6   125    8
  11.1    2.8    7.1   32.9   123    9
  10.2    2.7    7.5   34.2   124   10
   9.2    2.6    8     35.4   125   11
   8.3    2.5    8     36.4   124   12
   7.4    2.4    8.1   37.6   126   13
   6.6    2.4    8.5   38.5   125   14
   5.8    2.2    8.9   39.4   115   15
   4.9    2.2    9     40.3   115   16
   4.2    2.1    9     41.3   113   17
   3.4    2      9.3   42     111   18
   2.8    2      9.5   42.8   111   19
   2.1    1.9    9.9   43.6   111   20
   1.5    1.9   10     44.3   111   21
   0.9    1.8   10     45.1   111   22
   0.3    1.8   10.3   45.7   110   23
   0      1.9    9.5   46       0   23.5
